1	1	1	1	미술
1	1	1	2	국A
1	1	1	3	국A
1	1	1	4	체육
1	1	1	5	수B
1	1	1	6	봉사
1	1	1	7	자율
1	1	2	1	지A
1	1	2	2	지A
1	1	2	3	영A
1	1	2	4	수B
1	1	2	5	수A
1	1	2	6	미술
1	1	2	7	동아리
1	1	3	1	생A
1	1	3	2	생A
1	1	3	3	수B
1	1	3	4	물B
1	1	3	5	화학
1	1	3	6	화학
1	1	3	7	지B
1	1	4	1	화학
1	1	4	2	영A
1	1	4	3	영B
1	1	4	4	수A
1	1	4	5	생B
1	1	4	6	생B
1	1	4	7	음악
1	1	5	1	지B
1	1	5	2	음악
1	1	5	3	진로
1	1	5	4	수A
1	1	5	5	물A
1	1	5	6	물A
1	1	5	7	국B
1	2	1	1	지B
1	2	1	2	진로
1	2	1	3	수A
1	2	1	4	미술
1	2	1	5	국B
1	2	1	6	봉사
1	2	1	7	자율
1	2	2	1	영A
1	2	2	2	미술
1	2	2	3	국A
1	2	2	4	국A
1	2	2	5	화학
1	2	2	6	화학
1	2	2	7	동아리
1	2	3	1	지B
1	2	3	2	수A
1	2	3	3	생B
1	2	3	4	생B
1	2	3	5	물A
1	2	3	6	물A
1	2	3	7	수B
1	2	4	1	지A
1	2	4	2	지A
1	2	4	3	음악
1	2	4	4	수B
1	2	4	5	생A
1	2	4	6	생A
1	2	4	7	영B
1	2	5	1	물B
1	2	5	2	화학
1	2	5	3	수A
1	2	5	4	수B
1	2	5	5	영A
1	2	5	6	음악
1	2	5	7	체육
1	3	1	1	생B
1	3	1	2	생B
1	3	1	3	화학
1	3	1	4	화학
1	3	1	5	미술
1	3	1	6	봉사
1	3	1	7	자율
1	3	2	1	수A
1	3	2	2	물A
1	3	2	3	물A
1	3	2	4	미술
1	3	2	5	지B
1	3	2	6	물B
1	3	2	7	동아리
1	3	3	1	수A
1	3	3	2	국B
1	3	3	3	체육
1	3	3	4	수B
1	3	3	5	지A
1	3	3	6	지A
1	3	3	7	진로
1	3	4	1	국A
1	3	4	2	국A
1	3	4	3	지B
1	3	4	4	음악
1	3	4	5	영A
1	3	4	6	영B
1	3	4	7	수B
1	3	5	1	음악
1	3	5	2	수B
1	3	5	3	화학
1	3	5	4	영A
1	3	5	5	생A
1	3	5	6	생A
1	3	5	7	수A
1	4	1	1	수B
1	4	1	2	미술
1	4	1	3	지A
1	4	1	4	지A
1	4	1	5	수A
1	4	1	6	봉사
1	4	1	7	자율
1	4	2	1	미술
1	4	2	2	진로
1	4	2	3	생A
1	4	2	4	생A
1	4	2	5	생B
1	4	2	6	생B
1	4	2	7	동아리
1	4	3	1	화학
1	4	3	2	화학
1	4	3	3	물B
1	4	3	4	체육
1	4	3	5	수A
1	4	3	6	수B
1	4	3	7	국B
1	4	4	1	음악
1	4	4	2	물A	
1	4	4	3	물A
1	4	4	4	영B
1	4	4	5	지B
1	4	4	6	영A
1	4	4	7	수A
1	4	5	1	수B
1	4	5	2	영A
1	4	5	3	국A
1	4	5	4	국A
1	4	5	5	지A
1	4	5	6	화학
1	4	5	7	음악
2	1	1	1	독B
2	1	1	2	사A
2	1	1	3	정보
2	1	1	4	수B
2	1	1	5	진로
2	1	1	6	봉사
2	1	1	7	자율
2	1	2	1	물A
2	1	2	2	물A
2	1	2	3	수C
2	1	2	4	사A
2	1	2	5	독A
2	1	2	6	독A
2	1	2	7	동아리
2	1	3	1	영A
2	1	3	2	수B
2	1	3	3	정보
2	1	3	4	사B
2	1	3	5	생명
2	1	3	6	생명
2	1	3	7	수A
2	1	4	1	영A
2	1	4	2	화B
2	1	4	3	지학
2	1	4	4	지학
2	1	4	5	화A
2	1	4	6	화A
2	1	4	7	체육
2	1	5	1	수A
2	1	5	2	영B
2	1	5	3	체육
2	1	5	4	수B
2	1	5	5	물B
2	1	5	6	지학
2	1	5	7	정보
2	2	1	1	수B
2	2	1	2	생명
2	2	1	3	생명
2	2	1	4	영A
2	2	1	5	지학
2	2	1	6	봉사
2	2	1	7	자율
2	2	2	1	사A
2	2	2	2	화B
2	2	2	3	독B
2	2	2	4	수A
2	2	2	5	정보
2	2	2	6	영A
2	2	2	7	동아리
2	2	3	1	독A
2	2	3	2	독A
2	2	3	3	지학
2	2	3	4	지학
2	2	3	5	수A
2	2	3	6	수B
2	2	3	7	사A
2	2	4	1	수B
2	2	4	2	수C
2	2	4	3	체육
2	2	4	4	정보
2	2	4	5	물A
2	2	4	6	물A
2	2	4	7	물B
2	2	5	1	사B
2	2	5	2	화A
2	2	5	3	화A
2	2	5	4	체육
2	2	5	5	영B
2	2	5	6	정보
2	2	5	7	진로
2	3	1	1	지학
2	3	1	2	영A
2	3	1	3	독A
2	3	1	4	독A
2	3	1	5	사A
2	3	1	6	봉사
2	3	1	7	자율
2	3	2	1	체육
2	3	2	2	정보
2	3	2	3	화B
2	3	2	4	수B
2	3	2	5	화A
2	3	2	6	화A
2	3	2	7	동아리
2	3	3	1	체육
2	3	3	2	수A
2	3	3	3	사A
2	3	3	4	독B
2	3	3	5	물A
2	3	3	6	물A
2	3	3	7	물B
2	3	4	1	정보
2	3	4	2	수B
2	3	4	3	수C
2	3	4	4	진로
2	3	4	5	영A
2	3	4	6	지학
2	3	4	7	지학
2	3	5	1	생명
2	3	5	2	생명
2	3	5	3	수B
2	3	5	4	정보
2	3	5	5	수A
2	3	5	6	영B
2	3	5	7	사B
2	4	1	1	물B
2	4	1	2	체육
2	4	1	3	사A
2	4	1	4	정보
2	4	1	5	수A
2	4	1	6	봉사
2	4	1	7	자율
2	4	2	1	독B
2	4	2	2	수C
2	4	2	3	지학
2	4	2	4	지학
2	4	2	5	영A
2	4	2	6	정보
2	4	2	7	동아리
2	4	3	1	화A
2	4	3	2	화A
2	4	3	3	영A
2	4	3	4	사A
2	4	3	5	수B
2	4	3	6	독A
2	4	3	7	독A
2	4	4	1	수A
2	4	4	2	정보
2	4	4	3	화B
2	4	4	4	체육
2	4	4	5	수B
2	4	4	6	생명
2	4	4	7	생명
2	4	5	1	물A
2	4	5	2	물A
2	4	5	3	영B
2	4	5	4	지학
2	4	5	5	진로
2	4	5	6	사B
2	4	5	7	수B
3	1	1	1	국사
3	1	1	2	수C
3	1	1	3	선택1
3	1	1	4	선택1
3	1	1	5	경제
3	1	1	6	봉사
3	1	1	7	자율
3	1	2	1	수D
3	1	2	2	중국어
3	1	2	3	수C
3	1	2	4	경제
3	1	2	5	선택2
3	1	2	6	선택2
3	1	2	7	동아리
3	1	3	1	진로
3	1	3	2	국사
3	1	3	3	선택1
3	1	3	4	선택1
3	1	3	5	수B
3	1	3	6	영어
3	1	4	1	중국어
3	1	4	2	수D
3	1	4	3	논술
3	1	4	4	논술
3	1	4	5	생명
3	1	4	6	체육
3	1	5	1	수A
3	1	5	2	체육
3	1	5	3	선택2
3	1	5	4	선택2
3	1	5	5	국사
3	1	5	6	영어
3	2	1	1	영어
3	2	1	2	수D
3	2	1	3	선택1
3	2	1	4	선택1
3	2	1	5	수A
3	2	1	6	봉사
3	2	1	7	자율
3	2	2	1	중국어
3	2	2	2	경제
3	2	2	3	논술
3	2	2	4	논술
3	2	2	5	선택2
3	2	2	6	선택2
3	2	2	7	동아리
3	2	3	1	생명
3	2	3	2	수D
3	2	3	3	선택1
3	2	3	4	선택1
3	2	3	5	국사
3	2	3	6	경제
3	2	4	1	국사
3	2	4	2	체육
3	2	4	3	수B
3	2	4	4	중국어
3	2	4	5	수C
3	2	4	6	진로
3	2	5	1	국사
3	2	5	2	영어
3	2	5	3	선택2
3	2	5	4	선택2
3	2	5	5	체육
3	2	5	6	수C
3	3	1	1	경제
3	3	1	2	국사
3	3	1	3	선택1
3	3	1	4	선택1
3	3	1	5	수B
3	3	1	6	봉사
3	3	1	7	자율
3	3	2	1	진로
3	3	2	2	수D
3	3	2	3	영어
3	3	2	4	중국어
3	3	2	5	선택2
3	3	2	6	선택2
3	3	2	7	동아리
3	3	3	1	논술
3	3	3	2	논술
3	3	3	3	선택1
3	3	3	4	선택1
3	3	3	5	영어
3	3	3	6	수C
3	3	4	1	수C
3	3	4	2	국사
3	3	4	3	중국어
3	3	4	4	경제
3	3	4	5	체육
3	3	4	6	생명
3	3	5	1	체육
3	3	5	2	국사
3	3	5	3	선택2
3	3	5	4	선택2
3	3	5	5	수A
3	3	5	6	수D
3	4	1	1	생명
3	4	1	2	경제
3	4	1	3	선택1
3	4	1	4	선택1
3	4	1	5	영어
3	4	1	6	봉사
3	4	1	7	자율
3	4	2	1	영어
3	4	2	2	수C
3	4	2	3	중국어
3	4	2	4	국사
3	4	2	5	선택2
3	4	2	6	선택2
3	4	2	7	동아리
3	4	3	1	수D
3	4	3	2	수A
3	4	3	3	선택1
3	4	3	4	선택1
3	4	3	5	진로
3	4	3	6	국사
3	4	4	1	체육
3	4	4	2	중국어
3	4	4	3	경제
3	4	4	4	수B
3	4	4	5	국사
3	4	4	6	수C
3	4	5	1	논술
3	4	5	2	논술
3	4	5	3	선택2
3	4	5	4	선택2
3	4	5	5	수D
3	4	5	6	체육